 3.51311878e+00 9.90070115e+00 7.04183103e+02
 2.30913977e+00 2.83475975e+00 3.87779081e+02
 3.45894319e-01 8.72965560e+00 3.26027296e+02
 4.34303113e+00 6.47737977e-01 2.46553996e+02
 4.87845670e+00 1.13074034e+00 4.05778810e+02
 2.02537868e+00 7.84739605e+00 4.89360902e+02
 3.42781888e+00 3.32129351e+00 3.80987002e+02
 1.72474195e-01 4.28417174e+00 3.46958211e+02
 4.50607502e+00 5.85993527e+00 5.41450243e+02
 3.68388465e+00 4.12856666e+00 3.38014823e+02
 3.65804451e+00 2.94376991e+00 3.71563879e+02
 7.44874595e-01 3.09590686e+00 3.44542506e+02
 3.04297864e+00 8.06638215e+00 5.18643457e+02
 4.28397609e+00 6.09959770e+00 4.94878733e+02
 4.56137183e+00 5.79708270e+00 5.28631484e+02
 3.32535032e+00 4.58022417e+00 4.39622211e+02
 7.89575133e-01 8.93836253e+00 3.67527847e+02
 2.27187557e+00 6.32563858e+00 4.91865428e+02
 4.24820544e+00 3.93999030e+00 4.89133631e+02
 1.42906420e+00 3.48706741e-01 3.45767263e+02
 3.68269253e+00 4.49807302e+00 5.03801721e+02
 3.75532417e+00 4.38157806e+00 4.71344720e+02
 4.46469877e+00 7.47520711e+00 5.99586209e+02
 4.14921421e+00 6.73731382e+00 6.13784280e+02
 3.95658826e+00 2.93120683e+00 3.91291403e+02
 1.83736298e+00 3.57813219e+00 3.51449992e+02
 9.64859608e-01 3.63422285e+00 2.73649985e+02
 1.20526347e+00 9.26392497e+00 3.02092969e+02
 1.33588742e+00 7.01463696e+00 4.18717076e+02
 2.09516187e+00 9.04872380e+00 5.41513053e+02
 1.69718651e+00 1.75129449e+00 3.59844549e+02
 3.50715977e+00 6.00817535e+00 5.55563452e+02
 2.04918186e+00 4.22575644e+00 3.10653482e+02
 2.97882463e-01 8.38569870e+00 4.32479962e+02
 1.24434715e+00 1.23214990e+00 2.25859312e+02
 1.95612260e+00 7.16667088e+00 4.17851848e+02
 5.47461950e-01 6.42167876e+00 3.92662266e+02
 9.89243315e-01 6.84248164e+00 4.07199833e+02
 4.59518339e+00 5.14893853e+00 5.26656908e+02
 4.79217871e-01 8.61616805e+00 3.29845641e+02
 4.42859512e+00 2.10634524e+00 3.80870956e+02
 3.47655339e+00 2.09573909e+00 4.08701523e+02
 2.42276953e+00 4.60486543e+00 4.35636793e+02
 4.21877634e+00 1.40130580e+00 3.91823763e+02
 6.05415975e-01 9.37840678e+00 4.45894624e+02
 4.16684088e+00 6.68332876e-01 3.95987732e+02
 2.25471573e+00 7.96312956e+00 4.86722172e+02
 4.23538934e+00 2.66196776e-01 2.36187549e+02
 2.79403461e+00 6.80244967e+00 4.09500003e+02
 3.34566204e+00 2.25175460e+00 4.40285611e+02
 4.26616417e+00 2.78705801e+00 3.91324643e+02
 4.76915698e+00 7.03296137e+00 6.78025428e+02
 1.93438855e+00 7.57074847e+00 4.42096992e+02
 3.83960958e+00 6.67766162e+00 5.57037388e+02
 3.50973424e+00 2.56689994e+00 3.92419547e+02
 3.90786561e+00 7.68356622e+00 6.05280781e+02
 1.98585374e+00 8.43306334e+00 3.59589801e+02
 8.50850753e-01 6.80804604e+00 3.60206882e+02
 2.07013828e+00 3.05419156e+00 3.84046857e+02
 1.41477744e+00 5.00279966e+00 4.71667091e+02
 4.05375398e+00 8.74418780e+00 7.08210597e+02
 4.00731504e+00 7.98123580e+00 6.50290568e+02
 6.81190665e-01 9.19005447e+00 3.64159391e+02
 3.06011270e+00 1.08907363e+00 3.30378904e+02
 4.55343996e+00 1.74651907e+00 3.87226341e+02
 2.92843620e+00 3.27577052e+00 4.65278756e+02
 3.77799249e+00 2.02819508e+00 3.47705157e+02
 4.41827537e+00 2.33858069e+00 4.21546344e+02
 4.10021113e+00 5.88674063e+00 4.65776589e+02
 1.48422957e+00 7.53430298e+00 4.51017127e+02
 2.30708729e+00 6.25289676e-01 2.45946763e+02
 2.70448741e+00 3.25906229e+00 4.35193124e+02
 2.02213488e+00 9.16686346e+00 4.08340777e+02
 2.72250575e+00 5.81496768e+00 4.12123484e+02
 2.97842900e+00 1.14181643e+00 3.08034054e+02
 3.45169021e+00 8.99692369e+00 6.69890252e+02
 4.78128776e+00 2.29615855e+00 3.13587398e+02
 1.97526706e+00 1.08581444e+00 3.12359427e+02
 2.11804174e+00 4.72614991e+00 4.62740022e+02
 3.35387608e+00 9.97079812e-01 4.00630821e+02
 4.06039683e+00 5.01073286e-01 2.54730050e+02
 4.93361277e-02 7.32676268e+00 2.77258889e+02
 1.23132417e+00 4.29516000e+00 3.36330093e+02
 8.65038017e-01 6.33887037e+00 2.68767810e+02
 3.61839389e-01 4.87749869e+00 3.25565545e+02
 1.13008925e+00 2.95707373e-01 2.76023252e+02
 3.06580571e+00 6.04030913e+00 4.68958628e+02
 2.15150003e+00 8.80510127e+00 5.20862934e+02
 2.17332953e+00 1.88750436e+00 2.60585229e+02
 9.67240166e-01 1.99044045e+00 3.13202253e+02
 4.65393969e+00 7.35480497e-01 2.95216113e+02
 4.63975393e+00 9.67034624e+00 7.63612493e+02
 4.37342995e+00 1.86500975e+00 3.80955360e+02
 3.20524021e+00 1.98251666e+00 3.67288690e+02
 5.01216964e-01 7.69311091e+00 4.14615125e+02
 4.03052549e-01 8.09772988e+00 4.08765983e+02
 1.87666216e+00 5.59060610e+00 4.53069689e+02
 1.92954668e+00 4.66113255e+00 4.03898626e+02
 1.73932454e+00 3.12357173e-01 2.41451372e+02
 2.11195317e-01 5.99928632e+00 3.42763506e+02
 1.74011679e+00 8.68893066e+00 5.56096847e+02
 2.73828774e+00 6.18052057e+00 4.27621730e+02
 2.15150601e+00 8.28071613e+00 5.14447420e+02
 1.82618967e+00 1.15583840e+00 3.16297301e+02
 1.58637075e-01 1.31764977e+00 3.10893932e+02
 8.82424476e-01 3.50948348e+00 3.52888912e+02
 2.32290569e+00 2.44137531e+00 3.24692075e+02
 3.81759379e+00 2.21699147e+00 3.71722010e+02
 4.49809488e+00 8.49075411e+00 6.99097637e+02
 3.55609785e+00 3.48660915e+00 5.28308655e+02
 4.63335565e+00 8.79704606e+00 7.02464541e+02
 1.99575556e+00 4.34312103e+00 4.38592472e+02
 3.08609928e+00 8.01375101e+00 5.41714555e+02
 2.65917123e+00 3.93756062e+00 3.22911598e+02
 7.76940813e-01 9.04731895e+00 3.86486679e+02
 5.91383302e-01 5.13871357e+00 2.76802683e+02
 2.99101080e+00 8.99212595e+00 6.53854604e+02
 4.25829192e+00 7.20289846e+00 6.33795161e+02
 4.56938567e-01 1.97930654e+00 3.25998812e+02
 1.62929104e+00 5.39958552e+00 4.10004141e+02
 3.89356579e+00 2.82465700e+00 3.99832499e+02
 4.16683089e+00 8.38239828e+00 6.26221987e+02
 2.88955740e+00 9.56376226e+00 5.75757979e+02
 7.86661073e-01 1.00607158e+00 2.75623748e+02
 1.55735597e+00 2.66143811e+00 3.02941518e+02
 3.28695764e+00 9.07411211e+00 5.86780613e+02
 1.15297557e-01 4.78727886e+00 1.82243391e+02
 1.60553908e+00 6.31855453e+00 3.66076237e+02
 1.00669063e+00 5.45207687e+00 3.09646613e+02
 1.98766577e+00 4.91589699e+00 4.28249839e+02
 4.05479638e-01 1.63330261e+00 2.34041084e+02
 3.32424973e+00 7.26884220e+00 5.48336897e+02
 4.32224321e+00 8.82882972e+00 5.88631942e+02
 8.22260485e-01 8.71419025e+00 4.15091711e+02
 2.53899495e+00 4.91309469e+00 4.40213998e+02
 2.68195635e+00 4.22380174e+00 5.18894226e+02
 4.79777087e+00 1.14398926e+00 3.96353453e+02
 3.04819679e+00 8.92705587e+00 5.21395319e+02
 1.44340731e+00 8.78797574e+00 4.70066115e+02
 2.26841406e+00 8.13852644e+00 5.67072080e+02
 4.83022705e+00 8.26528774e+00 6.40492808e+02
 4.88081428e+00 1.42865097e-01 2.27912415e+02
 1.82394466e-01 7.96568615e+00 4.12572227e+02
 3.44603642e+00 1.11770919e-01 2.32661149e+02
 3.03442773e+00 4.48982195e+00 3.59890332e+02
 1.25324961e+00 7.92682570e+00 4.78811873e+02
 4.79922390e+00 6.65819829e+00 5.95203471e+02
 2.50915195e+00 1.71559140e+00 2.95455294e+02
 1.58270539e+00 7.28964295e+00 4.10491931e+02
 2.18171135e+00 9.03929935e+00 5.14322968e+02
 4.81807600e+00 4.80359549e+00 4.66465309e+02
 9.12081011e-01 2.02213384e+00 3.01559068e+02
 2.02507506e+00 9.76373111e+00 5.11666164e+02
 1.45787043e+00 7.26839001e+00 4.38970717e+02
 2.87409863e+00 2.22664739e+00 3.97090896e+02
 2.96791161e+00 3.26362885e+00 3.40088039e+02
 2.30442060e+00 4.05860474e+00 3.82898175e+02
 3.46927186e+00 1.76810971e+00 2.94014783e+02
 2.24868641e+00 4.38130533e-01 3.31517834e+02
 7.27940766e-01 1.12702269e+00 2.51544897e+02
 9.12367116e-01 5.30651724e+00 4.17851684e+02
 4.90820212e+00 7.71048259e+00 5.66326478e+02
 1.45522111e+00 8.62398014e+00 4.76449248e+02
 1.01491454e-01 7.94773605e+00 3.35589093e+02
 8.43120162e-01 2.62376256e+00 3.18776950e+02
 4.53192375e+00 3.93699906e+00 4.56147012e+02
 2.38501248e+00 3.28348745e+00 4.40698830e+02
 1.48903207e+00 1.71839095e-01 2.60813695e+02
 1.70473727e+00 8.58308818e+00 4.33887857e+02
 4.24588150e+00 7.86068168e+00 5.56397381e+02
 1.46130134e-01 9.28547647e+00 3.58958353e+02
 3.62134938e-01 4.34757902e+00 3.46438518e+02
 4.09313546e+00 7.23037925e+00 4.95945361e+02
 1.74840414e+00 7.33063554e+00 4.35926849e+02
 8.81272758e-01 3.05349168e+00 3.56940620e+02
 2.48085235e+00 8.46360470e+00 5.62572873e+02
 4.07575280e+00 2.26048978e+00 2.88361033e+02
 9.92157987e-02 9.03183407e+00 3.32962316e+02
 4.62781786e+00 9.44707339e+00 6.42943777e+02
 2.56380411e+00 8.14851502e+00 4.90515146e+02
 1.43055139e+00 9.29178120e+00 5.53750265e+02
 1.33422662e+00 9.66287669e+00 4.99189894e+02
 8.21778572e-01 9.78278174e+00 4.60622936e+02
 1.69244852e+00 1.77283573e+00 2.36897850e+02
 4.51584688e+00 5.02609366e+00 5.52038528e+02
 1.50377438e+00 6.80483411e-01 3.11427055e+02
 2.56795816e+00 9.41523081e+00 5.77105375e+02
 2.15924073e-01 7.17531930e-02 2.89717985e+02
 2.10397206e+00 4.41095844e+00 3.97770735e+02
 4.59855332e+00 4.81802081e+00 5.08881079e+02
 2.83044970e+00 5.43731409e+00 4.90901901e+02
 4.64786505e+00 2.54121373e-01 2.88637873e+02
 4.88256706e-01 6.47640080e-01 2.51809039e+02
 4.84098025e+00 9.80082155e+00 6.48268272e+02
 4.70300547e+00 4.18334487e+00 5.41602539e+02
 3.31965121e+00 2.82512364e+00 3.65238871e+02
 2.91460252e+00 3.16325916e+00 3.31723008e+02
 4.61712099e+00 5.74107053e+00 5.49088256e+02
 2.54931078e+00 3.95393715e+00 3.22243083e+02
 3.42176830e+00 9.31699308e+00 5.56933329e+02
 9.11915153e-01 4.63415256e+00 4.23037205e+02
 3.32414267e-01 7.32538869e+00 3.22746150e+02
 9.34252641e-01 2.98836711e+00 2.88286801e+02
 2.14627055e+00 4.02076626e+00 3.21442597e+02
 2.30688970e+00 8.59634800e+00 5.12530716e+02
 1.49609523e+00 2.05406809e+00 2.68966057e+02
 3.73618622e-02 1.79486502e-01 2.51663225e+02
 2.35374231e+00 8.51088522e+00 4.99352220e+02
 1.11238592e+00 6.33336393e+00 2.70523767e+02
 1.68557557e+00 6.56697100e+00 3.90888648e+02
 4.68393437e+00 2.89134777e+00 4.41953818e+02
 2.54351981e+00 3.94584914e+00 3.21079090e+02
 4.60260230e+00 5.60069076e-01 2.06672253e+02
 3.57233365e+00 6.61310022e-01 3.18171929e+02
 3.67394742e+00 4.58961447e+00 3.95801064e+02
 2.09956286e+00 5.53794428e+00 4.38917765e+02
 3.51715710e-01 3.63776108e+00 2.94193931e+02
 3.90654545e+00 7.03974280e+00 6.42385059e+02
 1.15520809e+00 6.92985527e+00 3.61349973e+02
 4.55806000e+00 3.02234276e+00 4.78411704e+02
 1.65961662e+00 5.94135430e+00 4.20694972e+02
 1.37546625e+00 3.93114572e+00 3.59285306e+02
 1.88856646e+00 9.81971377e+00 5.38536853e+02
 2.17141233e+00 4.42499819e+00 3.70065628e+02
 4.97381061e+00 7.13937488e+00 5.56256192e+02
 8.85362079e-01 4.38888825e+00 3.57889211e+02
 2.04993956e+00 5.90221349e+00 4.47972158e+02
 1.99018116e+00 2.27868300e+00 3.17323952e+02
 3.42698662e-01 3.12012939e+00 3.42757004e+02
 2.06546895e+00 3.01854902e+00 4.11598657e+02
 5.53858134e-01 3.31260216e+00 3.41453337e+02
 3.93636463e+00 6.14370402e+00 5.50374466e+02
 1.76320884e+00 2.60923773e+00 3.45666121e+02
 3.08523764e+00 4.16907319e+00 3.76572360e+02
 4.36929784e+00 8.56389578e+00 6.17352297e+02
 4.36385994e+00 8.15525008e+00 6.46837372e+02
 3.48336485e+00 6.09107011e+00 5.14051677e+02
 7.86869557e-01 4.98910614e-01 2.50947491e+02
 3.55642923e+00 3.12039484e+00 3.75398172e+02
 4.08002462e+00 4.22896206e+00 5.63351782e+02
 1.46623769e+00 4.73188244e+00 4.50678254e+02
 1.58324260e+00 9.78704292e+00 4.93031614e+02
 2.46116304e+00 7.45455694e+00 5.38007463e+02
 2.07518901e+00 6.25181441e+00 4.38211436e+02
 1.78761507e+00 2.91596779e+00 3.89120398e+02
 1.77976179e+00 9.13808626e+00 6.04410369e+02
 2.88878206e+00 7.13308885e+00 3.99603264e+02
 2.93672809e+00 9.53328024e+00 5.70743933e+02
 2.63659019e+00 2.60461696e+00 3.57859229e+02
 4.35419143e+00 6.14554451e+00 5.48825307e+02
 3.01010605e+00 7.97412174e+00 4.76353055e+02
 2.67533712e+00 8.89122681e-01 3.48918015e+02
 2.41635754e+00 3.56435271e+00 3.17106621e+02
 2.99962755e+00 1.02923235e+00 1.98631942e+02
 1.50926301e-01 5.99357264e+00 4.21010352e+02
 6.43396329e-01 3.34221038e+00 2.38852762e+02
 1.21816509e+00 9.44800391e-01 2.18978901e+02
 1.09160336e-01 3.91825090e+00 2.91117612e+02
 4.08244956e+00 4.95632490e+00 5.47905927e+02
 3.41365824e+00 8.72610219e+00 6.99244119e+02
 3.57033082e+00 9.20776784e+00 5.19546027e+02
 8.73972376e-01 7.81066717e+00 3.82967426e+02
 1.80715119e-01 6.11339132e+00 2.91396136e+02
 1.59953676e-01 2.25284048e+00 2.08350452e+02
 2.02339341e-01 4.95683328e+00 3.56125523e+02
 7.36602608e-01 4.71261470e+00 3.48655098e+02
 3.84714333e+00 7.67007058e+00 5.77902686e+02
 3.61717602e+00 4.39550254e+00 4.99632136e+02
 1.58236451e-01 3.51990583e+00 2.69556273e+02
 4.33219238e+00 1.80702766e+00 3.10645332e+02
 1.81986924e+00 8.66211901e+00 4.92763870e+02
 1.99931984e-01 4.87166812e+00 2.99791840e+02
 4.54072208e+00 6.05894050e+00 4.71758074e+02
 2.68340493e+00 7.23623626e+00 5.78307972e+02
 2.26833833e+00 3.70205911e+00 3.80200370e+02
 1.75428567e+00 4.26612369e+00 2.75273891e+02
 2.98983191e+00 2.91793976e-01 2.50052012e+02
 2.98826026e+00 1.14896582e+00 2.52974136e+02
 9.55951021e-01 3.61586228e-04 2.09755614e+02
 3.27508065e+00 7.50294664e+00 4.28556436e+02
 6.76575236e-01 7.48535066e+00 4.29757211e+02
 4.28606508e+00 4.51160331e-01 2.22823709e+02
 9.36120976e-01 1.29187507e+00 2.35116080e+02
 1.40596544e+00 7.49205689e+00 4.72848179e+02
 2.90830164e+00 5.11147309e+00 4.41792587e+02
 8.56273274e-01 1.85748170e+00 3.12512808e+02
 2.60912620e+00 4.63561533e+00 4.03857441e+02
 4.44381320e+00 8.56608287e+00 7.20217116e+02
 4.10781448e+00 6.15945517e+00 6.31808899e+02
 4.10936135e+00 6.56688788e-01 3.82238082e+02
 9.24637199e-01 7.86559765e+00 4.15265056e+02
 2.03780526e+00 8.72708940e+00 5.39184578e+02
 3.61508253e+00 4.46699489e-01 2.68560377e+02
 3.50601592e+00 1.13848172e+00 2.55173566e+02
 3.19918453e+00 1.73945823e-02 2.42239433e+02
 4.99161198e+00 6.57828720e+00 5.81930927e+02
 3.35210899e+00 4.11108836e+00 4.51623231e+02
 4.32212079e+00 3.75439084e+00 4.37051432e+02
 1.75706444e+00 1.40303572e+00 1.97843497e+02
 2.67855232e+00 7.39980792e+00 5.44547234e+02
 1.49152152e+00 8.08384636e+00 4.36594192e+02
 3.49907756e+00 7.07493416e+00 5.40939992e+02
 4.22301188e+00 5.25519936e+00 4.90453472e+02
 3.32322451e+00 9.25116654e+00 5.71782118e+02
 1.19371429e+00 6.13065995e+00 4.60146478e+02
 4.08617662e+00 6.65678512e+00 5.71039841e+02
 3.83755134e+00 6.24021279e+00 4.32212453e+02
 1.26154683e+00 7.41910225e+00 3.43925416e+02
 1.92428819e-01 4.64261147e+00 3.49382866e+02
 3.61731764e+00 4.03727375e+00 3.40867959e+02
 3.76252699e+00 7.92246439e+00 4.21976964e+02
 2.21291357e+00 6.04862330e+00 4.66981763e+02
 2.98528088e-01 6.03578926e+00 2.93342674e+02
 3.65399121e+00 6.92779436e+00 5.39595691e+02
 4.60394331e+00 4.79015596e+00 5.97252965e+02
 2.48920687e+00 1.03626994e+00 2.92454038e+02
 1.81757614e+00 7.24213771e+00 4.62408635e+02
 3.27536369e+00 4.41203715e+00 3.95092842e+02
 1.35737130e+00 4.21156229e+00 3.15602166e+02
 1.73410085e+00 5.86606333e+00 4.21223744e+02
 3.76530383e+00 7.67747459e+00 6.00364554e+02
 2.81335471e+00 2.31885971e+00 3.94618100e+02
 3.19086397e+00 5.31506871e+00 5.32118732e+02
 1.19993719e+00 5.30588103e+00 3.86320229e+02
 1.91046914e+00 6.77341982e-01 4.03706674e+02
 3.51182056e+00 1.08242530e+00 3.39883251e+02
 1.77715057e+00 6.81580017e+00 3.74337293e+02
 4.00196823e-01 8.92580840e+00 3.66252538e+02
 2.04408259e-01 5.68019107e+00 3.44357435e+02
 2.08386134e+00 9.42478718e+00 5.43100808e+02
 4.00461276e+00 8.75005622e-01 3.03690529e+02
 2.43869132e-01 6.50424498e+00 3.67032364e+02
 4.09020014e+00 6.85099447e+00 4.92390462e+02
 3.55758552e+00 3.98804742e+00 4.00080792e+02
 7.26810908e-01 3.45269880e+00 2.73362150e+02
 2.59456305e-01 8.45343331e+00 3.18716827e+02
 1.07069772e+00 5.61062625e+00 3.49264149e+02
 1.48400067e-01 3.17118416e+00 2.24119550e+02
 1.58481237e+00 6.73616881e+00 4.57958934e+02
 1.69917900e+00 8.39006444e+00 5.51083463e+02
 5.27895075e-01 8.06827515e+00 3.04238325e+02
 6.46102497e-01 7.80188174e-01 2.71777085e+02
 2.91586203e+00 2.11037567e+00 2.86010683e+02
 4.87846573e+00 1.50290882e+00 4.14012593e+02
 1.29867521e+00 6.83365752e+00 4.48514572e+02
 4.71924799e+00 9.35329292e+00 7.20615295e+02
 7.84669842e-01 3.04839973e+00 2.42556217e+02
 1.58975140e-01 9.51616248e+00 3.46683106e+02
 3.81390698e+00 3.74870848e+00 3.84096228e+02
 3.57337598e+00 4.88449072e+00 4.68951350e+02
 4.77420039e+00 1.02755518e+00 2.71711836e+02
 4.57632012e+00 4.13890438e+00 4.57573253e+02
 4.63252070e+00 6.29038360e+00 4.94280402e+02
 3.40514155e+00 7.52599782e+00 5.04659878e+02
 1.76268457e+00 9.95288585e-01 2.86569316e+02
 3.67100408e+00 4.24790223e+00 4.87594138e+02
 3.30649335e+00 6.53287446e-01 3.35215411e+02
 3.62774762e+00 6.18009855e+00 5.09163337e+02
 2.68519050e+00 6.25914991e+00 4.57594665e+02
 3.44333441e+00 5.00625562e+00 4.52575527e+02
 1.56521573e+00 4.81827429e+00 3.93620733e+02
 4.17605778e+00 4.22802490e+00 3.92346180e+02
 2.87623547e+00 1.06660748e+00 3.46244645e+02
 1.70726801e+00 9.66507821e+00 5.00681224e+02
 3.06940680e+00 3.31446453e+00 4.11129573e+02
 1.53622747e+00 6.82871189e+00 3.79635226e+02
 3.93691634e+00 6.07343679e+00 4.83673568e+02
 2.45278643e+00 9.33216385e+00 5.74625878e+02
 2.58269727e+00 9.94470040e+00 5.63522984e+02
 4.73283135e+00 9.71415459e+00 6.74317937e+02
 4.74378984e+00 1.51431276e+00 3.29522691e+02
 4.70896959e+00 2.19051951e+00 2.69095395e+02
 1.66491108e+00 3.73569428e+00 3.26208303e+02
 2.66112712e+00 8.30922212e+00 5.19789246e+02
 3.20576127e+00 8.76795081e-01 3.30086570e+02
 3.86464243e-02 2.38280720e+00 2.07635292e+02
 4.04646630e+00 8.03603208e+00 5.81257072e+02
 3.81804677e-01 5.33321575e+00 3.22786870e+02
 4.15859140e-01 3.83217149e+00 3.45621222e+02
 4.76915960e+00 2.93646221e+00 5.12272135e+02
 2.86976877e+00 9.39337407e-01 3.60723184e+02
 1.89630837e+00 3.96061387e+00 3.81029587e+02
 3.28470606e+00 2.46594872e+00 3.88244298e+02
 3.92606140e+00 9.90320359e+00 5.93300721e+02
 1.37571840e+00 4.39172684e+00 3.53562030e+02
 1.88413175e+00 4.81246039e+00 4.34293378e+02
 2.88475561e+00 5.36530902e+00 5.30032568e+02
 3.74914577e+00 6.52620881e+00 5.31526895e+02
 8.67951334e-01 7.06664888e+00 4.21359854e+02
 3.71564688e+00 2.92222631e-01 2.11494840e+02
 2.16425728e+00 1.76579955e-01 2.61018271e+02
 2.11823569e+00 6.77984547e+00 4.96873692e+02
 2.37773088e+00 9.92200367e+00 5.37074101e+02
 4.21920529e+00 4.59055114e+00 4.79390089e+02
 8.09399391e-01 2.03072382e+00 3.95582355e+02
 4.75454760e-01 2.93280033e-01 2.40243216e+02
 4.83066182e+00 2.96392190e+00 3.38432076e+02
 2.07593678e+00 6.93289350e+00 5.03605087e+02
 4.50566551e+00 9.95815889e-01 3.45873157e+02
 2.74054851e+00 1.94455685e+00 3.13580523e+02
 2.60258270e+00 2.07614881e+00 3.34421521e+02
 3.28741388e+00 7.78499204e+00 5.58937291e+02
 4.83824532e+00 5.44672881e+00 4.80024815e+02
 2.64373600e+00 8.93830530e+00 5.16237755e+02
 5.46285658e-01 1.29529053e+00 2.97499707e+02
 3.11587609e+00 3.32840462e+00 3.28415419e+02
 3.07352383e+00 7.75848044e+00 5.25436015e+02
 4.51302881e+00 2.40717402e+00 4.26608566e+02
 6.43560351e-01 5.87384079e+00 3.49978759e+02
 4.60067815e+00 7.22217873e-01 3.54947362e+02
 3.97347994e+00 8.46311515e+00 7.12208353e+02
 3.12405426e+00 5.86787748e+00 4.98388207e+02
 1.87604159e+00 1.73575434e+00 2.29687199e+02
 4.51546879e+00 4.33183001e+00 4.98596554e+02
 3.26807007e+00 6.33438143e+00 4.12365489e+02
 4.34116100e+00 5.41279186e+00 5.26769743e+02
 2.29745267e+00 7.95671383e+00 4.08872488e+02
 1.69854645e+00 8.08208581e+00 4.56302611e+02
 2.25628448e+00 3.54775241e+00 4.13270605e+02
 1.73583632e+00 3.89179370e-01 1.48847924e+02
 1.80791725e+00 7.43340145e+00 4.23096952e+02
 4.30729142e+00 8.05078182e+00 6.34733803e+02
 3.16597684e+00 8.99538678e+00 5.93190294e+02
 1.40850252e+00 6.55225557e+00 3.17809102e+02
 3.56504046e+00 1.42115274e+00 3.37198770e+02
 9.35302598e-01 9.41624877e-01 2.67611449e+02
 2.73139481e+00 2.06004246e+00 2.79516226e+02
 1.43027628e+00 6.15879270e+00 3.65653008e+02
 2.01777941e+00 8.82169039e+00 4.32078372e+02
 4.62741769e+00 1.42092937e+00 2.49542830e+02
 4.86958498e+00 6.47387362e+00 6.22262559e+02
 7.24913494e-01 7.78085177e+00 3.74589280e+02
 4.53389483e+00 5.05787483e+00 4.69450466e+02
 4.69807211e+00 7.04962577e+00 6.30588056e+02
 1.18856909e+00 5.61770343e+00 3.95488503e+02
 2.70639376e+00 2.82325615e+00 3.78865008e+02
 2.99128475e+00 8.84517818e+00 5.72635314e+02
 3.52906045e+00 5.48155550e+00 5.23188143e+02
 2.43600114e+00 7.09500884e+00 4.38991416e+02
 4.82067335e+00 5.59700503e+00 5.92178634e+02
 4.60875309e+00 8.28066907e+00 6.64363915e+02
 6.03988225e-01 8.26659238e+00 4.09692390e+02
 1.12480215e+00 6.00193480e+00 3.77845598e+02
 1.30929157e+00 9.56645631e-01 3.45759710e+02
 4.19607937e+00 6.77657872e+00 5.76755841e+02
 3.10918923e+00 2.68280997e+00 3.38676623e+02
 8.19157806e-02 8.51519478e+00 3.72712275e+02
 4.84883649e+00 7.09520671e+00 6.05131256e+02
 2.56338872e+00 4.88333258e+00 4.22375047e+02
 2.57610567e+00 3.86550459e+00 3.92419434e+02
 1.07344283e+00 3.16569616e+00 1.96016957e+02
 1.61461645e+00 1.41548865e-01 2.77221553e+02
 2.87029848e+00 7.03228737e+00 5.88509034e+02
 4.70642326e+00 7.27896109e+00 5.61417723e+02
 1.25605299e+00 9.20351789e+00 4.64070255e+02
 1.37728818e+00 9.20829279e+00 4.55677882e+02
 4.76547070e+00 3.05158679e+00 3.71174230e+02
 3.92321782e+00 9.64923016e+00 6.41580231e+02
 8.54997228e-01 3.10869122e+00 2.50153731e+02
 4.43957418e+00 3.66171794e+00 4.80244563e+02
 2.54794796e+00 4.88977244e+00 3.88014811e+02
 3.32827147e+00 8.47193226e+00 5.11585481e+02
 3.10120787e+00 5.09779941e+00 4.27178351e+02
 2.50370882e-01 9.60265924e+00 3.70685170e+02
 3.81180776e+00 3.48464854e+00 4.00124645e+02
 2.94215045e+00 5.19683771e-03 4.01903673e+02
 3.86827864e+00 8.94750486e+00 6.93584223e+02
 1.51850317e-01 6.54604647e+00 3.39294110e+02
 1.12990478e+00 6.11828313e+00 4.63907650e+02
 4.22747857e-01 5.90949784e-01 2.96525246e+02
 1.35317325e+00 7.94415345e+00 4.19378517e+02
 2.07485938e+00 2.02041660e+00 2.76126540e+02
 2.53480065e+00 4.29012317e+00 3.71459155e+02
 4.85666843e+00 3.95965912e+00 4.76962964e+02
 1.73015109e-01 9.53750010e-01 2.43894377e+02
 1.47827940e+00 1.37813330e+00 3.85615968e+02
 1.08487863e+00 3.98991948e-01 2.47006146e+02
 4.91468450e+00 7.56765098e+00 5.53613150e+02
 3.85498569e+00 7.99457887e+00 5.76637077e+02
 4.76937703e+00 6.20980133e+00 5.53814663e+02
 2.53846737e+00 5.36401671e+00 3.79888692e+02
 6.11000115e-01 5.59253787e+00 3.44383251e+02
 4.40229532e+00 1.93978238e+00 3.77698072e+02
 1.24227553e+00 2.51028353e+00 3.08044093e+02
 7.15675653e-01 2.57574739e+00 2.84639675e+02
 4.51479495e+00 3.90337697e+00 3.43442809e+02
 2.09742992e+00 3.85263375e-01 3.12728906e+02
 1.08206088e+00 5.93608397e+00 3.85196140e+02
 4.61106281e+00 4.82584123e+00 4.48218866e+02
 7.71068482e-01 2.19697054e+00 3.41423000e+02
 4.97417807e+00 9.41659932e+00 6.96992659e+02
 1.84379695e+00 6.34048940e+00 4.01970651e+02
 2.61289906e+00 9.43834569e+00 5.74956144e+02
 3.47441573e+00 5.90945419e+00 4.86694487e+02
 3.00565593e+00 1.37570247e+00 2.87080591e+02
 3.88452984e+00 3.88492012e+00 4.13314970e+02
 3.73732804e+00 8.36809128e+00 5.48950692e+02
 1.76888534e+00 6.24810498e+00 4.04085868e+02
 4.90862163e+00 8.09118450e+00 6.17516364e+02
 3.49833589e+00 9.25464616e+00 5.62447717e+02
 4.31779697e+00 7.09823964e+00 5.49730167e+02
 3.66845522e+00 7.58111863e+00 4.79948010e+02
 2.01563160e-02 2.73179497e+00 2.62695899e+02
 1.32943309e+00 1.96737507e+00 3.41380566e+02
 9.98804885e-01 6.05518484e+00 3.43671601e+02
 2.19130238e+00 1.01233849e+00 3.22742526e+02
 3.60586945e+00 3.29079943e+00 4.10598397e+02
 6.80115672e-01 1.46121250e+00 2.25352037e+02
 4.81143778e-01 4.65698406e-01 2.61378952e+02
 4.51167464e+00 4.72270931e+00 5.22383983e+02
 2.80994640e+00 1.57368308e+00 4.53446724e+02
 2.07089911e+00 7.41629595e+00 5.68607182e+02
 2.40966618e+00 7.08035429e+00 5.02630939e+02
 4.98977211e+00 2.77549114e+00 5.03956657e+02
 4.05610869e+00 7.53632163e+00 6.01834171e+02
 2.02301995e+00 5.75550687e+00 3.78123483e+02
 4.43020939e+00 6.89180669e+00 4.84060112e+02
 3.37421941e-01 4.29746186e+00 3.24850028e+02
 1.07149031e+00 7.13560813e+00 3.72976477e+02
 3.34912682e+00 1.78619668e+00 2.67740263e+02
 3.26749523e+00 1.01205939e+00 3.54012193e+02
 4.77798618e+00 6.52560799e+00 5.64764633e+02
 2.61516096e+00 9.94017342e+00 6.07595567e+02
 3.44836251e+00 5.00893888e+00 4.48361084e+02
 3.85698585e-01 7.36070468e+00 3.34933607e+02
 3.92840383e+00 5.78549259e+00 5.09809985e+02
 4.69513907e+00 4.05250641e+00 4.33402097e+02
 1.67068229e+00 5.11825211e-01 2.94428837e+02
 1.91495367e+00 7.36866246e+00 4.06436229e+02
 2.42099902e+00 2.87276986e+00 3.33443717e+02
 1.83301169e+00 5.43255200e+00 3.79043641e+02
 1.78464027e+00 3.54795214e+00 3.26861875e+02
 7.55019411e-01 3.67174006e-01 2.28428145e+02
 3.64331198e+00 3.10612841e+00 3.76190241e+02
 4.73396437e+00 1.91567261e+00 3.70094912e+02
 4.86015350e+00 2.92350084e+00 4.89598238e+02
 2.73393816e+00 5.44626219e-01 2.69944328e+02
 1.22748252e+00 6.62785784e-01 2.58992230e+02
 1.27493903e+00 4.17675070e+00 3.29757492e+02
 3.17758189e+00 6.22033766e+00 4.37979663e+02
 1.11538362e+00 6.52057071e+00 3.35300806e+02
 5.78134746e-01 7.40228381e-01 2.67074938e+02
 3.80223057e+00 3.70856793e+00 4.64948340e+02
 4.61194963e+00 3.27926943e+00 3.81220147e+02
 4.62125866e+00 4.55649961e+00 5.33357416e+02
 3.44750899e+00 4.81662698e+00 4.59887253e+02
 2.75674414e+00 4.53583465e+00 5.32027528e+02
 3.85027081e-01 7.98356642e+00 4.30731038e+02
 2.63278913e+00 4.71533287e+00 3.51787674e+02
 2.52818692e+00 2.20571362e+00 2.90115175e+02
 2.05339338e+00 2.25036890e+00 4.13738887e+02
 2.41139207e+00 6.29656917e+00 3.93578843e+02
 4.65691319e+00 7.06233171e-01 3.41351198e+02
 1.14887045e-01 8.84432516e+00 3.61089220e+02
 4.41472537e+00 2.77664646e+00 4.17671318e+02
 2.37573322e+00 4.40353893e+00 4.45592031e+02
 4.99915874e+00 7.33627645e+00 5.84315252e+02
 2.28156320e+00 1.57931069e+00 3.02836241e+02
 1.06364733e+00 6.32832147e+00 3.64102570e+02
 4.87213425e+00 5.13315923e+00 5.36781340e+02
 4.86750779e+00 4.79429766e+00 5.06422525e+02
 4.39952581e-01 6.14522286e+00 3.29919668e+02
 3.61226648e+00 9.99998175e+00 6.05578682e+02
 4.40556521e+00 1.84413131e+00 4.46499862e+02
 5.49789339e-01 7.34757145e+00 3.52598083e+02
 1.54857056e-01 5.51368630e+00 2.88167996e+02
 4.43483637e+00 6.81540529e+00 6.28343441e+02
 1.17776907e+00 2.19205826e-01 2.58266311e+02
 1.66621248e+00 9.51179787e+00 5.50056417e+02
 2.50499211e+00 9.09389133e-01 3.87806096e+02
 3.00387777e+00 4.45562487e+00 3.58969410e+02
 1.96268098e-02 9.07367771e+00 3.12702054e+02
 3.87936073e+00 2.90361061e+00 4.07016318e+02
 4.42097439e+00 5.00926992e+00 4.75509295e+02
 4.05694190e+00 2.96977538e+00 4.00687904e+02
 4.49794491e+00 7.64469824e+00 5.71739556e+02
 4.70655928e+00 3.56772912e+00 4.57216789e+02
 2.78946642e+00 5.39296166e+00 4.99912373e+02
 2.51688182e+00 3.84725594e+00 4.84890630e+02
 3.47717934e+00 4.00549312e+00 3.69675675e+02
 4.92600213e+00 2.49704597e+00 3.76081889e+02
 4.04925134e+00 7.54839495e+00 6.46966692e+02
 3.82710978e+00 7.77271271e+00 5.49534310e+02
 1.75441943e+00 7.35670319e+00 3.91859794e+02
 1.22870327e-01 6.23596832e+00 4.02695041e+02
 1.98498384e+00 3.29307265e+00 3.84567539e+02
 2.16054796e+00 8.03908351e+00 4.18724282e+02
 1.79578936e+00 5.45336708e+00 4.56947675e+02
 4.24000096e+00 1.71790027e+00 2.96608380e+02
 1.55193548e+00 4.17792309e+00 3.71330766e+02
 2.14352296e+00 7.24215267e+00 4.75159818e+02
 1.81399630e+00 9.30133589e+00 4.79811470e+02
 4.81256898e+00 5.64774786e+00 6.21396975e+02
 3.00073445e+00 1.65580950e+00 3.02629742e+02
 3.31202352e+00 5.26771904e+00 5.31171422e+02
 3.50206145e+00 6.77102168e+00 6.26579535e+02
 4.79535739e+00 7.70452909e+00 6.27172324e+02
 3.56818260e+00 2.36375022e+00 3.74922726e+02
 1.06226902e+00 4.55704795e+00 3.93378672e+02
 2.02974994e+00 3.99027694e+00 3.74451787e+02
 3.50521576e+00 6.04185871e+00 4.45603994e+02
 1.66287735e+00 5.58658542e+00 3.52908152e+02
 3.72115486e+00 2.69878190e+00 3.99877841e+02
 3.58017437e-01 6.78031878e+00 3.89050808e+02
 4.18526457e+00 2.86403905e+00 4.00390987e+02
 1.05863524e+00 4.46712606e+00 3.37299278e+02
 4.61625473e+00 2.08610106e+00 3.34151067e+02
 8.25878452e-01 3.28704072e+00 3.13233549e+02
 8.05814476e-01 2.06379556e+00 3.04944025e+02
 2.31358564e+00 2.54058367e+00 3.17990927e+02
 1.84443471e+00 1.31187833e+00 2.51948169e+02
 3.30386213e+00 8.29093569e+00 5.95251096e+02
 4.13674106e+00 4.64236036e+00 4.75275017e+02
 4.71539580e+00 1.49007251e+00 3.48586945e+02
 4.97457621e+00 2.49648908e+00 4.81104857e+02
 3.84166620e+00 9.58555408e+00 6.29152614e+02
 4.93996603e+00 2.36674308e-01 2.59586558e+02
 4.29419550e+00 7.62479302e+00 6.18599172e+02
 3.22619575e+00 5.46774355e+00 3.18396246e+02
 5.33270149e-01 9.37425386e+00 3.57394395e+02
 3.73382894e+00 1.34153145e+00 3.00942587e+02
 4.94624486e+00 6.89497574e+00 6.46807162e+02
 2.95582398e+00 9.18831016e+00 5.99443111e+02
 3.75055284e+00 8.19998499e+00 6.49181445e+02
 3.78956653e+00 4.03124686e+00 4.82987465e+02
 1.42823584e+00 5.65672958e+00 4.38380441e+02
 4.84669035e-01 1.28930118e+00 1.88014980e+02
 4.76474625e+00 9.07028804e+00 7.13681284e+02
 4.58590408e+00 9.76879163e+00 6.51466690e+02
 3.94413762e+00 8.23615909e+00 6.07954015e+02
 1.24278260e+00 1.08850298e+00 2.44597770e+02
 5.94376533e-01 1.85903951e+00 2.74079953e+02
 2.08983306e+00 6.16456652e+00 3.89494274e+02
 3.33125139e+00 5.77982170e+00 3.85506753e+02
 1.43932451e+00 5.28530306e+00 3.69368614e+02
 2.53815055e+00 5.20368882e+00 3.76014510e+02
 3.19718288e-01 5.86701593e+00 3.49614082e+02
 1.46281422e+00 6.40452170e+00 3.76697932e+02
 1.56039819e+00 5.50278362e+00 3.83602664e+02
 2.12495810e-01 8.45685036e+00 3.53188958e+02
 6.48131781e-01 5.61019866e-01 3.02852134e+02
 5.34900619e-01 5.28779768e+00 2.64065299e+02
 1.53377624e+00 7.73659776e+00 4.38019555e+02
 4.73617155e+00 7.91056127e+00 6.18825903e+02
 3.52982903e-01 4.87898473e-01 2.26867102e+02
 3.92871998e+00 9.08859496e+00 5.71865797e+02
 2.26612865e+00 2.54783121e+00 3.05283836e+02
 1.54179218e+00 9.81456155e+00 4.85864461e+02
 3.53503504e+00 6.75668131e-01 3.31136507e+02
 9.67052279e-01 7.56845962e+00 4.34024092e+02
 1.36216823e+00 3.50435980e+00 5.00876057e+02
 1.45479111e+00 3.09574106e+00 3.31130650e+02
 2.23244432e+00 9.06737189e-01 2.97392357e+02
 2.53550679e-01 8.45971606e+00 2.76560464e+02
 4.08821592e+00 7.50783481e+00 6.42239013e+02
 1.67848391e+00 5.49667241e+00 4.34860409e+02
 3.19053120e+00 4.19381676e+00 4.04981340e+02
 1.49187394e+00 5.67096844e-01 2.75993085e+02
 1.61417594e+00 6.24260641e-01 2.68309805e+02
 1.28359852e+00 7.70089045e+00 3.75810954e+02
 2.44722282e+00 7.78881222e+00 5.04019779e+02
 2.50960197e+00 3.14941981e-01 1.75147924e+02
 1.32408799e+00 3.48294177e+00 3.33166290e+02
 2.19523543e+00 5.92338710e-01 3.55117772e+02
 3.68348982e+00 2.60225482e+00 3.69092481e+02
 3.20941435e+00 1.20153730e+00 3.45983621e+02
 3.13230771e+00 9.40028289e+00 6.46406600e+02
 3.25532940e+00 4.52580981e-01 2.85105493e+02
 4.44521700e+00 8.27943497e+00 7.16076932e+02
 4.04609550e+00 6.38088378e+00 6.02589497e+02
 9.19221698e-01 4.39977058e+00 3.99436126e+02
 4.95162226e+00 8.87058508e+00 6.27579753e+02
 1.47910842e-01 4.30415334e-01 2.65697915e+02
 1.67224054e+00 7.03821921e+00 5.03376600e+02
 3.63461976e+00 7.41434286e+00 5.67603001e+02
 2.50349591e+00 5.05785486e+00 4.14346263e+02
 2.65201166e+00 8.79920186e+00 5.59420167e+02
 4.54472412e+00 9.49773317e-01 2.08525242e+02
 2.04281724e+00 3.75468462e+00 3.22130866e+02
 3.53524912e+00 6.14046613e+00 4.33994083e+02
 2.17523469e+00 6.00588855e+00 4.47795086e+02
 3.22179945e+00 8.67669353e+00 5.15771822e+02
 4.93387202e+00 4.75842315e+00 5.89770925e+02
 3.19537981e+00 9.72521618e+00 6.87745704e+02
 2.35814174e+00 2.84068304e+00 3.36894239e+02
 4.79088025e+00 5.32410071e+00 5.73778144e+02
 2.10899317e+00 8.30643491e+00 4.34717645e+02
 5.68269387e-01 3.64760215e-01 3.00342632e+02
 4.27505341e-02 4.24028353e+00 3.59498665e+02
 4.84433858e-02 8.64445460e+00 4.34187066e+02
 4.28517301e+00 1.39825371e+00 3.40626194e+02
 2.06755431e+00 3.11832249e+00 3.01976032e+02
 3.73678970e-01 8.35152103e+00 5.03402082e+02
 1.28791303e+00 9.28179101e+00 3.80625714e+02
 4.26983847e+00 5.15016092e-01 3.73715453e+02
 1.53649029e+00 8.86778852e+00 4.65520376e+02
 3.91859724e-02 3.63936954e+00 3.41301759e+02
 4.20734462e+00 2.26121234e-01 3.15462107e+02
 3.64258438e+00 5.37539839e+00 4.55036133e+02
 1.06883003e+00 6.05489797e+00 4.11112681e+02
 2.29266194e+00 8.65291704e+00 5.07847459e+02
 3.95873120e+00 8.82050928e+00 6.87614038e+02
 7.77905213e-01 1.66979957e+00 2.21015533e+02
 1.44277193e+00 9.91016893e+00 5.25905306e+02
 3.63385942e+00 1.02290017e-02 3.06202880e+02
 2.75972468e+00 5.20059620e+00 4.30489619e+02
 6.40743582e-01 3.20283919e+00 3.51433565e+02
 2.76883683e-01 5.59089994e+00 3.95490319e+02
 9.36307052e-01 9.49150093e-01 3.00308170e+02
 7.35812230e-01 1.70283408e+00 3.23966314e+02
 2.36839458e+00 1.00192586e+00 2.31619664e+02
 2.85342260e+00 4.96560706e+00 4.96836060e+02
 2.48088982e+00 1.19832644e+00 2.90691129e+02
 2.58093015e+00 4.02500440e+00 3.82678812e+02
 6.41789936e-01 4.78998684e+00 4.08959353e+02
 4.93386095e+00 8.91219291e+00 6.86233465e+02
 2.44342713e+00 1.19700069e+00 2.66793153e+02
 8.84980842e-01 2.57322927e+00 1.85224213e+02
 2.95164353e+00 8.57480818e+00 5.86265354e+02
 4.27327507e+00 1.71061669e+00 3.43543913e+02
 1.63948645e+00 8.13235294e+00 4.76007254e+02
 2.32856454e+00 7.42822767e+00 5.32240522e+02
 4.16033255e+00 9.69733498e+00 8.25104504e+02
 1.89222369e+00 6.73431307e+00 4.62419482e+02
 5.85032990e-01 9.76992498e+00 4.78050245e+02
 7.53210533e-01 3.43851624e+00 3.43049995e+02
 1.38553066e-01 4.99685896e-01 2.06945551e+02
 4.29604700e+00 6.21051830e+00 4.71284914e+02
 4.28664936e-01 1.08640592e+00 2.40242061e+02
 4.75768516e+00 3.38244427e+00 3.36325913e+02
 2.25986570e+00 2.47875058e+00 3.14439496e+02
 3.80524646e+00 2.31543040e+00 4.01608398e+02
 3.79701278e+00 4.85916642e+00 4.13092395e+02
 4.82641406e+00 5.84982936e+00 6.12120405e+02
 2.87934857e+00 4.82637661e+00 4.54835973e+02
 3.43328957e+00 2.01552865e+00 4.71390431e+02
 4.26366401e+00 6.18099365e+00 5.22857644e+02
 3.84671311e+00 4.44026889e+00 4.41967937e+02
 1.01293148e+00 4.46870749e+00 3.65806250e+02
 3.09711162e+00 8.56116451e+00 5.88007775e+02
 8.93028946e-01 3.11574169e+00 4.02674370e+02
 3.35795972e+00 3.05905821e+00 3.91538868e+02
 3.51700642e+00 6.05109016e+00 3.90235193e+02
 1.92849597e+00 8.82072947e+00 4.41374245e+02
 2.53475459e+00 7.17133490e+00 4.87453655e+02
 4.77058881e-01 5.51463485e+00 3.57684286e+02
 1.66230775e+00 1.73180759e+00 2.63069003e+02
 1.07466950e+00 5.11140301e+00 4.67675718e+02
 1.87694914e+00 3.40297702e+00 3.63365140e+02
 1.71230490e+00 2.60084932e+00 3.53894734e+02
 4.96985966e+00 1.20912794e+00 3.06840947e+02
 4.30610252e+00 5.05186964e+00 5.42939470e+02
 4.13178072e-01 2.61793088e+00 2.99953285e+02
 4.02727540e+00 4.00062601e+00 4.25716922e+02
 3.54682052e+00 8.17217653e+00 5.41729265e+02
 1.95589830e+00 7.20999981e+00 4.56793218e+02
 4.64906790e+00 1.86652336e+00 2.56643698e+02
 2.14765120e+00 8.43522974e+00 5.38253221e+02
 1.17394215e+00 4.94291154e+00 3.55292713e+02
 7.77927501e-01 9.86918463e+00 5.41558758e+02
 7.22194510e-01 3.42968848e+00 3.53412631e+02
 3.30997853e+00 8.20260416e+00 5.28904008e+02
 3.68104225e-01 6.48561916e+00 3.22360159e+02
 2.52097533e+00 6.05776986e+00 4.15925130e+02
 5.66937209e-01 7.94589013e-01 2.77880896e+02
 1.39750436e+00 1.21173718e+00 3.53226814e+02
 4.24017433e+00 5.10905014e+00 5.23116184e+02
 4.03260089e+00 8.47388276e+00 6.83241196e+02
 1.77887164e+00 7.40760977e+00 4.16743532e+02
 4.75025653e+00 8.89458937e+00 6.64689358e+02
 1.36132683e+00 2.71111557e+00 2.93288931e+02
 2.31563587e+00 9.60400162e+00 4.93267420e+02
 3.83015864e-01 5.01178731e+00 3.32494777e+02
 6.84041671e-01 4.41930892e+00 2.94306656e+02
 6.94332609e-01 9.47472135e+00 3.84787916e+02
 2.04388166e+00 8.96849707e+00 4.50042116e+02
 1.67691522e+00 3.32016607e+00 2.81848323e+02
 4.61746895e+00 2.39832468e+00 4.20418092e+02
 3.45529430e+00 5.61718581e+00 4.49653653e+02
 4.12183348e+00 5.96670864e+00 4.89576502e+02
 3.46915330e+00 5.71176823e+00 4.56999043e+02
 3.15863329e+00 7.46332970e+00 4.69978563e+02
 2.81170529e+00 9.42584913e-01 3.25047500e+02
 4.08666707e+00 1.06662857e+00 3.77355986e+02
 2.84473071e+00 6.15292555e-01 2.59719796e+02
 2.81117520e+00 9.94911399e+00 5.37951171e+02
 1.99712730e+00 5.85997409e+00 3.65637527e+02
 3.77760101e-01 9.61075993e+00 3.57066654e+02
 3.45862232e+00 3.50789640e+00 2.91015800e+02
 4.39419246e+00 9.12594100e+00 7.02461925e+02
 3.56920299e+00 9.33254229e-01 3.53762547e+02
 1.08812225e+00 1.92420440e+00 3.05987979e+02
 4.13331407e+00 9.49437838e-01 2.64070387e+02
 1.26658863e+00 9.09353944e+00 5.05761134e+02
 1.88918415e+00 3.81993063e+00 3.88143061e+02
 5.92710891e-01 3.09211262e+00 2.52353567e+02
 1.88319588e+00 7.75187960e+00 4.49754872e+02
 2.75061951e+00 1.65041961e+00 4.00636488e+02
 2.67823810e+00 3.91226459e-01 2.46213146e+02
 1.48660340e-01 9.16268082e-01 3.40021803e+02
 1.75586098e+00 5.35424762e+00 3.86039260e+02
 3.28434309e+00 1.17972360e+00 3.55187466e+02
 3.57455343e+00 7.79118827e+00 5.45789463e+02
 4.11347667e+00 2.14277067e-01 3.56787266e+02
 3.35589963e+00 2.25431202e+00 3.70626257e+02
 2.82499979e+00 7.34253382e+00 5.15490856e+02
 2.35534586e+00 5.28607213e+00 4.51202488e+02
 2.02560132e+00 3.37858857e+00 3.46234262e+02
 3.52800573e+00 6.04546993e+00 5.01799613e+02
 1.42684594e+00 7.09116912e+00 3.98978057e+02
 1.35806029e+00 3.82073207e+00 3.25907130e+02
 8.40394843e-01 4.14842222e+00 3.13109637e+02
 4.87582866e+00 6.68133513e+00 6.02611492e+02
 1.31463593e+00 9.79593094e+00 4.13900003e+02
 4.48201811e+00 4.08719580e-01 2.83277782e+02
 2.85895473e+00 5.19227105e+00 3.73635560e+02
 4.89365509e+00 2.91722206e+00 4.69647045e+02
 2.17397735e+00 6.10107475e+00 4.15758539e+02
 1.31116842e+00 7.91433218e+00 4.38511828e+02
 4.05401937e+00 9.29797762e+00 7.08600262e+02
 2.40359701e+00 1.58790152e+00 3.37007776e+02
 1.00343143e+00 6.26650950e+00 3.60596483e+02
 3.80098476e+00 1.13304801e+00 3.24631312e+02
 1.58408540e+00 1.58645782e+00 3.36667430e+02
 6.74856375e-02 7.17461335e+00 2.88105727e+02
 2.37887144e+00 8.01521907e+00 5.08416188e+02
 2.86518291e+00 1.44991422e+00 2.62710068e+02
 3.97380150e+00 4.28425377e+00 3.73800146e+02
 1.21012003e+00 2.06740449e+00 2.44192113e+02
 3.53962514e+00 8.90596253e+00 6.29478552e+02
 4.96735220e+00 4.24558385e-01 2.47440017e+02
 3.37558052e-02 2.26143328e+00 2.52010230e+02
 1.18526377e+00 5.80622501e+00 4.24502481e+02
 4.73767382e+00 3.65686969e-01 3.39002287e+02
 6.08130930e-01 9.12768974e+00 4.34282820e+02
 1.10736467e+00 2.24186774e+00 2.57249501e+02
 4.01293591e+00 5.53161056e+00 5.56345461e+02
 2.46517590e+00 2.00893424e+00 3.59274758e+02
 4.64042397e+00 9.64269907e+00 7.84969282e+02
 1.07590841e-01 3.11247370e+00 2.23929497e+02
 2.97823599e+00 1.02122235e+00 2.63847507e+02
 4.93456936e+00 2.65189546e+00 4.13529261e+02
 4.48739779e+00 4.78948539e+00 5.53131978e+02
 6.90543504e-01 9.51692222e-01 3.21426978e+02
 3.06275149e+00 9.94519583e+00 6.57165370e+02
 3.05663529e-01 8.26918369e+00 3.51179931e+02
 9.03044369e-01 3.93193082e-03 2.56206228e+02
 2.53343237e-01 9.43584956e+00 3.76349345e+02
 1.83207687e+00 3.09635791e+00 2.60379897e+02
 7.33609756e-01 4.43954497e+00 3.14308909e+02
 3.82281122e+00 3.13261913e+00 3.40775008e+02
 3.15203695e+00 8.18631795e+00 5.11044350e+02
 3.07294445e+00 5.48720531e+00 3.62551047e+02
 2.95726356e+00 1.00353601e+00 3.33676928e+02
 4.32493702e+00 6.42715838e+00 5.46835934e+02
 6.68187594e-01 8.48993453e+00 4.57422747e+02
 2.85681943e+00 1.57982728e+00 3.19974492e+02
 1.47988472e+00 1.93574465e+00 2.78835918e+02
 4.00480344e+00 9.10142553e+00 6.20795465e+02
 1.70830665e+00 8.25908802e+00 4.52708639e+02
 4.93107700e+00 5.24887137e+00 4.46634021e+02
 3.32573090e+00 3.82814388e+00 4.48744486e+02
 4.77734947e+00 6.31088655e+00 5.09380251e+02
 4.88147295e+00 4.23588082e+00 4.70761303e+02
 6.92738189e-01 5.69406563e+00 3.65662287e+02
 1.59536982e+00 4.16616684e+00 3.01702321e+02
 4.43864762e+00 5.06812042e+00 5.66171697e+02
 1.51317937e+00 7.32750944e+00 4.27924405e+02
 1.48198644e+00 3.74207144e-01 2.32934282e+02
 2.81931875e+00 6.77712542e-01 4.12258553e+02
 3.22898778e+00 2.22561375e+00 2.46948597e+02
 3.26326203e+00 6.24928968e-01 2.89887021e+02
 6.43610419e-01 4.72670397e+00 3.33821153e+02
 3.83071857e+00 2.76743859e+00 3.95084513e+02
 4.78036547e+00 5.43015874e+00 4.99172072e+02
 2.39674676e+00 4.33583213e+00 3.62390932e+02
 3.58951849e+00 4.39053849e+00 4.69220656e+02
 2.38118173e+00 4.06724933e+00 3.80240182e+02
 3.10118480e+00 1.50788836e+00 2.53808520e+02
 3.87144177e+00 3.78869301e+00 4.27311758e+02
 2.01637293e-01 1.79249452e+00 3.17998620e+02
 3.06173915e+00 1.20556016e+00 3.28327205e+02
 2.18244790e+00 5.40937953e+00 3.54681589e+02
 4.05896399e+00 3.90584343e+00 3.53464126e+02
 2.76822719e+00 1.33788179e+00 3.25947589e+02
 5.66769937e-02 4.60485272e+00 3.31384106e+02
 3.04270784e+00 8.19329269e+00 5.07838151e+02
 1.83429087e+00 7.59522330e+00 4.44756993e+02
 3.63698216e+00 6.13293742e+00 5.09630888e+02
 2.09124067e+00 8.02769526e+00 4.07018165e+02
 2.89453851e+00 7.33391708e+00 5.62685830e+02
 4.62874713e+00 3.82803170e+00 4.82561141e+02
 3.00781617e+00 3.73493238e+00 4.42608472e+02
 1.84888161e+00 2.92844106e+00 3.92603274e+02
 4.47137075e+00 5.68672316e+00 4.98015309e+02
 3.19103697e+00 3.70279135e+00 4.15122639e+02
 7.73517924e-01 2.87422152e+00 2.56254385e+02
 4.21054434e+00 9.81895756e+00 7.61415804e+02
 2.35883038e+00 5.30273889e-01 2.19130734e+02
 2.05568078e+00 7.85835045e+00 4.38818273e+02
 2.47560702e+00 1.61532431e+00 3.81864589e+02
 2.87801837e+00 2.04537748e+00 3.42429250e+02
 4.68284804e+00 8.04885843e+00 6.94610691e+02
 2.88491754e-01 9.55369709e+00 3.23215757e+02
 4.33836819e+00 2.23955082e+00 3.95392036e+02
 3.86637534e+00 3.46186731e+00 3.82351042e+02
 2.03823843e+00 7.50921081e+00 4.94905305e+02
 3.77508077e+00 9.22012872e+00 6.40200504e+02
 1.31114903e+00 8.78623793e-01 2.48914595e+02
 1.48629009e+00 7.71795030e+00 4.69387387e+02
 1.24435129e+00 1.47631823e+00 3.06435686e+02
 1.16344475e+00 9.65533423e+00 4.47203107e+02
 2.26148140e+00 6.96547870e+00 5.80455967e+02
 2.21639067e+00 1.63457609e+00 2.94848631e+02
 2.46456164e+00 9.94433922e+00 5.63663393e+02
 1.23244978e+00 2.27169811e+00 2.99080347e+02
 3.70795166e+00 8.56683637e+00 5.62046539e+02
 4.45666144e+00 3.21371830e+00 4.30256341e+02
 1.73916680e+00 7.27715971e+00 3.45568017e+02
 4.97367556e+00 8.19146868e+00 6.04108005e+02
 2.86597920e+00 7.90630446e+00 4.96776187e+02
 4.65280425e+00 6.69321622e+00 5.42175829e+02
 8.65424146e-01 6.78443157e+00 3.30580561e+02
 1.91526044e+00 3.15215848e+00 3.85695092e+02
 2.11274557e+00 5.14958560e+00 3.99764206e+02
 1.42381865e+00 7.10555065e+00 4.72686935e+02
 6.00555148e-01 7.87005506e+00 3.90094223e+02
 3.56579504e+00 5.08823268e-01 2.83204048e+02
 6.00612360e-01 7.43353511e+00 3.44202434e+02
 6.34462573e-01 4.56616232e+00 3.75421714e+02
 4.73021132e-01 6.84249448e+00 3.71161026e+02
 7.19453806e-01 5.93053793e+00 4.58004238e+02
 2.12105382e+00 3.06365871e+00 4.26147063e+02
 3.26205621e+00 6.53746996e+00 4.85328664e+02
 4.87726231e+00 6.48705298e+00 6.50286638e+02
 1.72777962e-01 2.76360406e+00 3.49369749e+02
 3.38685882e+00 8.61869512e+00 6.40531258e+02
 2.32718904e+00 8.15108466e+00 4.38460380e+02
 2.16948599e+00 9.99887776e+00 5.15926192e+02
 1.98708114e+00 7.94784015e+00 4.43934067e+02
 3.73055899e+00 2.96007800e+00 3.79768065e+02
 2.70549084e+00 7.13859343e+00 5.46054277e+02
 1.16341632e+00 5.09887779e+00 3.25345750e+02
 4.03391639e-01 4.90317289e+00 3.89389486e+02
 2.72027224e+00 5.91951877e+00 5.09285502e+02
 4.78321388e+00 3.37717384e-01 2.44721176e+02
 3.71199441e-01 5.90156416e+00 3.45559105e+02
 4.55124484e-01 9.44098467e+00 3.80759711e+02
 8.51908513e-01 5.38746483e+00 3.25811332e+02
 4.12933443e+00 4.18870394e+00 4.32041194e+02
 5.75642251e-01 4.61631924e+00 3.23046352e+02
 3.79907934e+00 5.88009948e+00 5.20447930e+02
 8.72847472e-01 5.96013873e+00 3.21933537e+02
 2.11473837e+00 7.45834670e+00 4.69047882e+02
 2.76520819e+00 1.02110375e+00 2.91401773e+02
 4.75816629e+00 3.75993845e+00 4.57378353e+02
 2.85175395e+00 1.18532750e+00 2.29229215e+02
 4.47845314e+00 9.95978897e+00 7.83499793e+02
 7.29269434e-01 1.16828467e+00 2.94902663e+02
 3.51263537e+00 9.14262122e+00 5.22356504e+02
 6.61008109e-01 5.84154081e+00 2.68469041e+02
 4.91149204e+00 6.58174469e+00 5.92820145e+02
 3.55147113e+00 3.83585390e+00 4.08325873e+02
 3.55922045e+00 2.91953747e+00 3.15023496e+02
 2.52252622e+00 4.48399913e-01 2.66360713e+02
 1.56911991e+00 2.24218171e-01 2.49318113e+02
 4.60485074e+00 8.36073076e+00 7.08744815e+02
 1.94861977e+00 8.19838198e+00 4.81382703e+02
 2.17665609e+00 1.81459591e+00 3.14129807e+02
 4.99954129e+00 1.04219472e+00 3.76433791e+02
 9.61689417e-01 3.28166890e-01 2.61646691e+02
 1.05747296e-01 2.38891951e+00 2.47664222e+02
 2.55220086e+00 8.28133931e+00 5.22281501e+02
 4.12378503e+00 9.46513648e+00 6.55554583e+02
 2.01870204e+00 8.89392636e+00 4.68522914e+02
 1.59022184e+00 6.86466630e+00 4.55104657e+02
 3.52035928e+00 9.08268428e+00 6.22645896e+02
 3.25235504e-01 8.60906217e-01 2.90454923e+02
 1.57161189e-01 7.57446482e-01 2.71209642e+02
 9.54313659e-01 5.40388271e+00 3.49452259e+02
 3.70182667e-01 1.42732312e-01 2.91223282e+02
 4.41862039e+00 4.78991198e+00 5.16207781e+02
 4.06413131e+00 7.36110908e+00 6.04604218e+02
 4.59962720e+00 2.66311354e+00 3.95106196e+02
 6.62432499e-01 9.85682743e+00 5.19946659e+02
 2.27295728e+00 3.59425770e+00 3.78030617e+02
 4.45518087e+00 8.08355755e+00 6.62609492e+02
 2.75721112e+00 9.36782934e+00 5.18147490e+02
 1.99495617e+00 7.64711764e+00 4.73551961e+02
 4.62959824e+00 7.00211563e+00 6.40669176e+02
 3.83633868e+00 8.63000948e-01 3.31415103e+02
 3.81024685e+00 2.37629932e+00 4.18054932e+02
 2.31934986e-01 9.46291771e+00 4.03356331e+02
 4.78227524e+00 8.78801972e+00 6.67668647e+02
 4.56149071e+00 1.12196978e+00 3.54385720e+02
 2.77719213e+00 6.02096409e-01 3.24620309e+02
 8.45797763e-01 4.77073585e+00 3.75947120e+02
 9.45633555e-01 9.64583388e+00 4.06659149e+02
 7.05656411e-01 2.05170074e+00 3.19346465e+02
 3.26765534e-01 8.74808475e-01 2.72813042e+02
